//100.000000
44.000000
56.000000
56.000000
52.000000
56.000000
40.000000
40.000000
40.000000
64.000000
60.000000
56.000000
68.000000
40.000000
56.000000
52.000000
//84.000000
44.000000
68.000000
60.000000
68.000000
40.000000
40.000000
60.000000
40.000000
44.000000
36.000000
48.000000
60.000000
48.000000
40.000000
40.000000
//96.000000
36.000000
40.000000
44.000000
64.000000
48.000000
60.000000
56.000000
48.000000
56.000000
64.000000
52.000000
40.000000
40.000000
60.000000
56.000000
//96.000000
40.000000
56.000000
64.000000
44.000000
56.000000
44.000000
44.000000
60.000000
44.000000
60.000000
56.000000
40.000000
40.000000
60.000000
44.000000
92.000000
44.000000
60.000000
40.000000
//72.000000
